$ 1 0.000005 10.20027730826997 50 5 50 5e-11
165 144 176 176 176 6 5.09999999444344e-12
178 512 80 512 176 6 1 0.2 1.0199302215538992e-11 0.05 1000000 0.02 20 0.015 0.005 0
d 432 176 432 80 2 default
w 432 80 480 80 0
w 480 176 432 176 0
t 400 240 432 240 0 1 -4.999999994691839 5.105099994437883e-9 100 default
w 432 224 432 176 0
g 432 256 432 304 0 0
R 208 144 208 80 0 0 40 5 0 0 0.5
w 272 208 272 128 0
g 240 336 240 384 0 0
w 112 272 112 304 0
w 144 304 112 304 0
r 112 304 112 368 0 10000
g 112 368 112 384 0 0
r 112 272 112 128 0 10000
w 208 128 112 128 0
w 272 128 272 80 0
w 432 80 272 80 0
r 16 272 16 384 0 10000
w 16 384 16 400 0
w 16 400 16 416 0
w 16 416 272 416 0
209 16 272 16 192 4 0.000001 5.099999994443444e-12 0.001 0 1
g 16 192 16 160 0 0
w 144 272 112 272 0
w 112 272 80 272 0
w 208 128 208 144 0
w 208 128 272 128 0
r 272 240 400 240 0 1000
w 272 416 272 240 0
s 16 272 80 272 0 1 false
